{
 "cells": [
  {
   "cell_type": "code",
   "execution_count": 20,
   "metadata": {},
   "outputs": [],
   "source": [
    "import numpy as np\n",
    "import torch\n",
    "from random import *\n",
    "from sklearn import preprocessing\n",
    "import pandas as pd\n",
    "\n",
    "\n",
    "# np.set_printoptions(precision=6)"
   ]
  },
  {
   "cell_type": "code",
   "execution_count": 21,
   "metadata": {},
   "outputs": [],
   "source": [
    "mat = np.random.random((16,10))\n",
    "# mat = torch.tensor(dist, dtype=torch.float)"
   ]
  },
  {
   "cell_type": "code",
   "execution_count": 22,
   "metadata": {},
   "outputs": [
    {
     "data": {
      "text/plain": [
       "(16, 10)"
      ]
     },
     "execution_count": 22,
     "metadata": {},
     "output_type": "execute_result"
    }
   ],
   "source": [
    "mat.shape"
   ]
  },
  {
   "cell_type": "code",
   "execution_count": 23,
   "metadata": {},
   "outputs": [
    {
     "data": {
      "text/plain": [
       "array([[1., 1., 1., 1., 1., 1., 1., 0., 1., 1.],\n",
       "       [0., 1., 1., 0., 1., 1., 1., 1., 1., 1.],\n",
       "       [1., 0., 0., 1., 1., 0., 1., 0., 1., 1.],\n",
       "       [1., 1., 1., 0., 1., 1., 1., 1., 1., 0.],\n",
       "       [1., 1., 0., 1., 1., 0., 1., 1., 1., 1.],\n",
       "       [1., 1., 1., 1., 1., 1., 1., 1., 1., 0.],\n",
       "       [1., 1., 0., 0., 1., 0., 1., 1., 1., 1.],\n",
       "       [1., 0., 1., 1., 1., 1., 1., 1., 1., 1.],\n",
       "       [1., 1., 1., 1., 1., 1., 1., 1., 0., 1.],\n",
       "       [1., 1., 1., 1., 1., 0., 1., 1., 1., 0.],\n",
       "       [1., 0., 0., 0., 1., 1., 1., 1., 1., 1.],\n",
       "       [1., 1., 1., 1., 1., 1., 0., 1., 1., 1.],\n",
       "       [1., 0., 0., 1., 1., 1., 1., 1., 0., 1.],\n",
       "       [0., 1., 1., 1., 1., 0., 1., 1., 0., 0.],\n",
       "       [1., 1., 1., 1., 1., 0., 1., 1., 1., 0.],\n",
       "       [1., 1., 1., 1., 1., 1., 1., 1., 1., 1.]])"
      ]
     },
     "execution_count": 23,
     "metadata": {},
     "output_type": "execute_result"
    }
   ],
   "source": [
    "# Make a mask\n",
    "mask = np.ones((16,10))\n",
    "\n",
    "for i in range(30):\n",
    "    x = randint(0, 15)\n",
    "    y = randint(0, 9)\n",
    "    mask[x][y] = 0\n",
    "\n",
    "mask[2][1] = 0\n",
    "mask[2][2] = 0\n",
    "mask[2][5] = 0\n",
    "mask[2][7] = 0\n",
    "mask"
   ]
  },
  {
   "cell_type": "code",
   "execution_count": 24,
   "metadata": {},
   "outputs": [
    {
     "data": {
      "text/plain": [
       "tensor([[2.9261e-02, 2.9281e-01, 5.2002e-01, 7.2190e-01, 6.4496e-01, 5.0166e-01,\n",
       "         5.7265e-01, 3.3640e-01, 1.6257e-01, 1.6744e-02],\n",
       "        [6.6781e-01, 1.5332e-01, 9.8559e-01, 4.6983e-01, 6.3849e-02, 8.5173e-01,\n",
       "         4.8454e-01, 2.2976e-01, 8.0981e-01, 8.4411e-01],\n",
       "        [9.4887e-02, 6.7045e-01, 9.6068e-01, 8.2074e-03, 5.4129e-01, 5.8512e-01,\n",
       "         7.4678e-01, 9.3809e-01, 7.6373e-01, 8.8639e-01],\n",
       "        [6.4251e-01, 8.9216e-01, 7.6982e-01, 8.6086e-02, 1.0875e-01, 7.4228e-01,\n",
       "         9.6265e-01, 9.6232e-01, 7.7961e-02, 5.1455e-01],\n",
       "        [8.7728e-01, 9.8877e-01, 9.4753e-01, 4.1238e-02, 5.1584e-01, 2.5281e-01,\n",
       "         6.5593e-01, 5.8543e-02, 1.8680e-01, 6.3729e-01],\n",
       "        [3.6625e-01, 8.6149e-01, 8.3700e-02, 8.6026e-01, 6.8652e-01, 8.8982e-01,\n",
       "         8.5585e-01, 5.2144e-01, 4.6238e-01, 2.9493e-02],\n",
       "        [4.6114e-01, 5.8596e-01, 6.6695e-01, 5.6939e-05, 9.9837e-01, 4.7472e-02,\n",
       "         2.3222e-01, 6.5587e-01, 2.8235e-01, 5.4755e-01],\n",
       "        [5.9718e-02, 2.7248e-01, 7.0846e-01, 7.3437e-01, 1.9783e-01, 7.2344e-01,\n",
       "         1.2320e-02, 4.7155e-02, 4.5584e-01, 2.3953e-01],\n",
       "        [3.8204e-01, 1.5208e-01, 8.5012e-01, 4.4544e-01, 5.8090e-01, 9.9688e-01,\n",
       "         9.2434e-01, 1.8791e-04, 8.5956e-02, 8.5678e-01],\n",
       "        [9.8837e-01, 6.3857e-01, 2.1051e-01, 3.4345e-02, 6.3007e-01, 2.6066e-01,\n",
       "         2.1248e-02, 4.4619e-01, 6.8440e-01, 2.3861e-01],\n",
       "        [7.4533e-01, 9.0174e-01, 5.4294e-01, 9.3348e-01, 7.7393e-01, 9.7956e-01,\n",
       "         2.9737e-02, 4.5175e-01, 5.5245e-01, 1.6612e-01],\n",
       "        [7.5515e-01, 4.5949e-01, 3.4648e-01, 3.2214e-01, 1.5082e-02, 5.2434e-01,\n",
       "         4.7023e-01, 8.4337e-01, 9.0578e-01, 7.8589e-01],\n",
       "        [8.7516e-01, 6.9235e-01, 3.4276e-01, 9.4816e-01, 3.0131e-01, 6.9657e-01,\n",
       "         9.0392e-01, 6.8791e-01, 9.0744e-01, 9.8722e-01],\n",
       "        [2.3224e-01, 8.5551e-01, 6.3231e-01, 2.4439e-01, 5.3843e-01, 5.3527e-01,\n",
       "         7.4342e-01, 2.5652e-01, 5.3115e-02, 5.0402e-01],\n",
       "        [7.2308e-01, 2.1654e-01, 7.5235e-01, 3.4850e-01, 5.2960e-01, 8.5724e-01,\n",
       "         8.7192e-01, 7.9170e-02, 1.5198e-01, 4.2733e-01],\n",
       "        [2.7856e-01, 3.4175e-01, 9.3034e-01, 1.5080e-01, 8.0507e-02, 5.3204e-02,\n",
       "         5.1007e-02, 2.8455e-01, 4.2544e-01, 5.4973e-01]])"
      ]
     },
     "execution_count": 24,
     "metadata": {},
     "output_type": "execute_result"
    }
   ],
   "source": [
    "new_mat_t = torch.tensor(mat, dtype=torch.float)\n",
    "new_mat_t"
   ]
  },
  {
   "cell_type": "code",
   "execution_count": 25,
   "metadata": {},
   "outputs": [
    {
     "name": "stdout",
     "output_type": "stream",
     "text": [
      "tensor([0.0949, 0.6705, 0.9607, 0.0082, 0.5413, 0.5851, 0.7468, 0.9381, 0.7637,\n",
      "        0.8864])\n",
      "[1. 0. 0. 1. 1. 0. 1. 0. 1. 1.]\n",
      "[[2.926091e-02 2.928134e-01 5.200160e-01 7.219030e-01 6.449628e-01\n",
      "  5.016564e-01 5.726451e-01 0.000000e+00 1.625655e-01 1.674371e-02]\n",
      " [0.000000e+00 1.533205e-01 9.855885e-01 0.000000e+00 6.384928e-02\n",
      "  8.517345e-01 4.845381e-01 2.297567e-01 8.098114e-01 8.441080e-01]\n",
      " [9.488685e-02 0.000000e+00 0.000000e+00 8.207411e-03 5.412898e-01\n",
      "  0.000000e+00 7.467761e-01 0.000000e+00 7.637320e-01 8.863927e-01]\n",
      " [6.425065e-01 8.921588e-01 7.698159e-01 0.000000e+00 1.087523e-01\n",
      "  7.422812e-01 9.626469e-01 9.623218e-01 7.796134e-02 0.000000e+00]\n",
      " [8.772843e-01 9.887714e-01 0.000000e+00 4.123779e-02 5.158438e-01\n",
      "  0.000000e+00 6.559289e-01 5.854266e-02 1.867967e-01 6.372885e-01]\n",
      " [3.662540e-01 8.614901e-01 8.369990e-02 8.602581e-01 6.865160e-01\n",
      "  8.898230e-01 8.558457e-01 5.214423e-01 4.623825e-01 0.000000e+00]\n",
      " [4.611378e-01 5.859568e-01 0.000000e+00 0.000000e+00 9.983741e-01\n",
      "  0.000000e+00 2.322154e-01 6.558717e-01 2.823516e-01 5.475483e-01]\n",
      " [5.971761e-02 0.000000e+00 7.084642e-01 7.343728e-01 1.978299e-01\n",
      "  7.234439e-01 1.232018e-02 4.715546e-02 4.558432e-01 2.395254e-01]\n",
      " [3.820440e-01 1.520802e-01 8.501228e-01 4.454438e-01 5.809031e-01\n",
      "  9.968757e-01 9.243356e-01 1.879136e-04 0.000000e+00 8.567763e-01]\n",
      " [9.883657e-01 6.385732e-01 2.105115e-01 3.434473e-02 6.300723e-01\n",
      "  0.000000e+00 2.124753e-02 4.461886e-01 6.844005e-01 0.000000e+00]\n",
      " [7.453274e-01 0.000000e+00 0.000000e+00 0.000000e+00 7.739277e-01\n",
      "  9.795611e-01 2.973712e-02 4.517460e-01 5.524455e-01 1.661244e-01]\n",
      " [7.551549e-01 4.594910e-01 3.464776e-01 3.221418e-01 1.508213e-02\n",
      "  5.243353e-01 0.000000e+00 8.433683e-01 9.057801e-01 7.858933e-01]\n",
      " [8.751569e-01 0.000000e+00 0.000000e+00 9.481626e-01 3.013077e-01\n",
      "  6.965738e-01 9.039235e-01 6.879101e-01 0.000000e+00 9.872248e-01]\n",
      " [0.000000e+00 8.555082e-01 6.323105e-01 2.443882e-01 5.384270e-01\n",
      "  0.000000e+00 7.434200e-01 2.565230e-01 0.000000e+00 0.000000e+00]\n",
      " [7.230833e-01 2.165389e-01 7.523477e-01 3.485029e-01 5.296000e-01\n",
      "  0.000000e+00 8.719160e-01 7.917009e-02 1.519810e-01 0.000000e+00]\n",
      " [2.785566e-01 3.417490e-01 9.303384e-01 1.508009e-01 8.050710e-02\n",
      "  5.320353e-02 5.100748e-02 2.845522e-01 4.254420e-01 5.497286e-01]]\n"
     ]
    }
   ],
   "source": [
    "# Choose a task in a job.\n",
    "print(new_mat_t[2])\n",
    "print(mask[2])\n",
    "\n",
    "masked_mat = np.multiply(mat, mask)\n",
    "# masked_mat_t = torch.tensor(masked_mat, dtype=torch.float\n",
    "# masked_mat_t = torch.tensor(np.multiply(mat[2], mask[2]), dtype = torch.float)\n",
    "# print(masked_mat_t)\n",
    "print(masked_mat)"
   ]
  },
  {
   "cell_type": "code",
   "execution_count": 26,
   "metadata": {
    "scrolled": true
   },
   "outputs": [],
   "source": [
    "min_max_scaler = preprocessing.MinMaxScaler()"
   ]
  },
  {
   "cell_type": "code",
   "execution_count": 27,
   "metadata": {},
   "outputs": [
    {
     "name": "stdout",
     "output_type": "stream",
     "text": [
      "[[2.926091e-02 2.928134e-01 5.200160e-01 7.219030e-01 6.449628e-01\n",
      "  5.016564e-01 5.726451e-01 0.000000e+00 1.625655e-01 1.674371e-02]\n",
      " [0.000000e+00 1.533205e-01 9.855885e-01 0.000000e+00 6.384928e-02\n",
      "  8.517345e-01 4.845381e-01 2.297567e-01 8.098114e-01 8.441080e-01]\n",
      " [9.488685e-02 0.000000e+00 0.000000e+00 8.207411e-03 5.412898e-01\n",
      "  0.000000e+00 7.467761e-01 0.000000e+00 7.637320e-01 8.863927e-01]\n",
      " [6.425065e-01 8.921588e-01 7.698159e-01 0.000000e+00 1.087523e-01\n",
      "  7.422812e-01 9.626469e-01 9.623218e-01 7.796134e-02 0.000000e+00]\n",
      " [8.772843e-01 9.887714e-01 0.000000e+00 4.123779e-02 5.158438e-01\n",
      "  0.000000e+00 6.559289e-01 5.854266e-02 1.867967e-01 6.372885e-01]\n",
      " [3.662540e-01 8.614901e-01 8.369990e-02 8.602581e-01 6.865160e-01\n",
      "  8.898230e-01 8.558457e-01 5.214423e-01 4.623825e-01 0.000000e+00]\n",
      " [4.611378e-01 5.859568e-01 0.000000e+00 0.000000e+00 9.983741e-01\n",
      "  0.000000e+00 2.322154e-01 6.558717e-01 2.823516e-01 5.475483e-01]\n",
      " [5.971761e-02 0.000000e+00 7.084642e-01 7.343728e-01 1.978299e-01\n",
      "  7.234439e-01 1.232018e-02 4.715546e-02 4.558432e-01 2.395254e-01]\n",
      " [3.820440e-01 1.520802e-01 8.501228e-01 4.454438e-01 5.809031e-01\n",
      "  9.968757e-01 9.243356e-01 1.879136e-04 0.000000e+00 8.567763e-01]\n",
      " [9.883657e-01 6.385732e-01 2.105115e-01 3.434473e-02 6.300723e-01\n",
      "  0.000000e+00 2.124753e-02 4.461886e-01 6.844005e-01 0.000000e+00]\n",
      " [7.453274e-01 0.000000e+00 0.000000e+00 0.000000e+00 7.739277e-01\n",
      "  9.795611e-01 2.973712e-02 4.517460e-01 5.524455e-01 1.661244e-01]\n",
      " [7.551549e-01 4.594910e-01 3.464776e-01 3.221418e-01 1.508213e-02\n",
      "  5.243353e-01 0.000000e+00 8.433683e-01 9.057801e-01 7.858933e-01]\n",
      " [8.751569e-01 0.000000e+00 0.000000e+00 9.481626e-01 3.013077e-01\n",
      "  6.965738e-01 9.039235e-01 6.879101e-01 0.000000e+00 9.872248e-01]\n",
      " [0.000000e+00 8.555082e-01 6.323105e-01 2.443882e-01 5.384270e-01\n",
      "  0.000000e+00 7.434200e-01 2.565230e-01 0.000000e+00 0.000000e+00]\n",
      " [7.230833e-01 2.165389e-01 7.523477e-01 3.485029e-01 5.296000e-01\n",
      "  0.000000e+00 8.719160e-01 7.917009e-02 1.519810e-01 0.000000e+00]\n",
      " [2.785566e-01 3.417490e-01 9.303384e-01 1.508009e-01 8.050710e-02\n",
      "  5.320353e-02 5.100748e-02 2.845522e-01 4.254420e-01 5.497286e-01]]\n"
     ]
    }
   ],
   "source": [
    "print(masked_mat)\n",
    "masked_mat_scaled = min_max_scaler.fit_transform(masked_mat)"
   ]
  },
  {
   "cell_type": "code",
   "execution_count": 28,
   "metadata": {},
   "outputs": [
    {
     "name": "stdout",
     "output_type": "stream",
     "text": [
      "[[2.960535e-02 2.961387e-01 5.276198e-01 7.613705e-01 6.405835e-01\n",
      "  5.032287e-01 5.948652e-01 0.000000e+00 1.794757e-01 1.696039e-02]\n",
      " [0.000000e+00 1.550616e-01 1.000000e+00 0.000000e+00 4.959579e-02\n",
      "  8.544039e-01 5.033393e-01 2.387524e-01 8.940485e-01 8.550312e-01]\n",
      " [9.600379e-02 0.000000e+00 0.000000e+00 8.656122e-03 5.351489e-01\n",
      "  0.000000e+00 7.757529e-01 0.000000e+00 8.431759e-01 8.978631e-01]\n",
      " [6.500696e-01 9.022902e-01 7.810723e-01 0.000000e+00 9.526176e-02\n",
      "  7.446076e-01 1.000000e+00 1.000000e+00 8.607094e-02 0.000000e+00]\n",
      " [8.876110e-01 1.000000e+00 0.000000e+00 4.349232e-02 5.092706e-01\n",
      "  0.000000e+00 6.813805e-01 6.083480e-02 2.062274e-01 6.455353e-01]\n",
      " [3.705652e-01 8.712733e-01 8.492378e-02 9.072896e-01 6.828428e-01\n",
      "  8.926118e-01 8.890546e-01 5.418586e-01 5.104798e-01 0.000000e+00]\n",
      " [4.665660e-01 5.926110e-01 0.000000e+00 0.000000e+00 1.000000e+00\n",
      "  0.000000e+00 2.412259e-01 6.815513e-01 3.117220e-01 5.546339e-01]\n",
      " [6.042057e-02 0.000000e+00 7.188236e-01 7.745220e-01 1.858530e-01\n",
      "  7.257112e-01 1.279823e-02 4.900176e-02 5.032603e-01 2.426249e-01]\n",
      " [3.865411e-01 1.538073e-01 8.625534e-01 4.697969e-01 5.754354e-01\n",
      "  1.000000e+00 9.602021e-01 1.952711e-04 0.000000e+00 8.678634e-01]\n",
      " [1.000000e+00 6.458249e-01 2.135897e-01 3.622241e-02 6.254401e-01\n",
      "  0.000000e+00 2.207198e-02 4.636584e-01 7.555924e-01 0.000000e+00]\n",
      " [7.541008e-01 0.000000e+00 0.000000e+00 0.000000e+00 7.717398e-01\n",
      "  9.826311e-01 3.089099e-02 4.694334e-01 6.099113e-01 1.682741e-01]\n",
      " [7.640440e-01 4.647091e-01 3.515439e-01 3.397538e-01 0.000000e+00\n",
      "  5.259786e-01 0.000000e+00 8.763891e-01 1.000000e+00 7.960632e-01]\n",
      " [8.854586e-01 0.000000e+00 0.000000e+00 1.000000e+00 2.910891e-01\n",
      "  6.987569e-01 9.389979e-01 7.148441e-01 0.000000e+00 1.000000e+00]\n",
      " [0.000000e+00 8.652234e-01 6.415563e-01 2.577493e-01 5.322375e-01\n",
      "  0.000000e+00 7.722665e-01 2.665667e-01 0.000000e+00 0.000000e+00]\n",
      " [7.315949e-01 2.189980e-01 7.633487e-01 3.675561e-01 5.232605e-01\n",
      "  0.000000e+00 9.057485e-01 8.226988e-02 1.677902e-01 0.000000e+00]\n",
      " [2.818355e-01 3.456299e-01 9.439420e-01 1.590454e-01 6.653666e-02\n",
      "  5.337028e-02 5.298669e-02 2.956934e-01 4.696968e-01 5.568424e-01]]\n"
     ]
    }
   ],
   "source": [
    "print(masked_mat_scaled)"
   ]
  },
  {
   "cell_type": "code",
   "execution_count": 29,
   "metadata": {
    "scrolled": false
   },
   "outputs": [],
   "source": [
    "# from sklearn.preprocessing import normalize\n",
    "# from sklearn.preprocessing import StandardScaler\n",
    "\n",
    "# masked_mat_scaled2 = normalize(masked_mat)\n",
    "# print(masked_mat)\n",
    "# print()"
   ]
  },
  {
   "cell_type": "code",
   "execution_count": 30,
   "metadata": {
    "scrolled": true
   },
   "outputs": [
    {
     "name": "stdout",
     "output_type": "stream",
     "text": [
      "[[8.339892e-03 8.342292e-02 1.486317e-01 2.144798e-01 1.804538e-01\n",
      "  1.417606e-01 1.675748e-01 0.000000e+00 5.055871e-02 4.777778e-03]\n",
      " [0.000000e+00 3.407773e-02 2.197690e-01 0.000000e+00 1.089962e-02\n",
      "  1.877715e-01 1.106184e-01 5.247038e-02 1.964841e-01 1.879093e-01]\n",
      " [3.041366e-02 0.000000e+00 0.000000e+00 2.742229e-03 1.695333e-01\n",
      "  0.000000e+00 2.457558e-01 0.000000e+00 2.671152e-01 2.844399e-01]\n",
      " [1.236021e-01 1.715585e-01 1.485106e-01 0.000000e+00 1.811276e-02\n",
      "  1.415773e-01 1.901368e-01 1.901368e-01 1.636525e-02 0.000000e+00]\n",
      " [2.200133e-01 2.478713e-01 0.000000e+00 1.078050e-02 1.262335e-01\n",
      "  0.000000e+00 1.688947e-01 1.507920e-02 5.111785e-02 1.600097e-01]\n",
      " [6.443605e-02 1.515021e-01 1.476704e-02 1.577648e-01 1.187367e-01\n",
      "  1.552125e-01 1.545940e-01 9.422153e-02 8.876522e-02 0.000000e+00]\n",
      " [1.212392e-01 1.539925e-01 0.000000e+00 0.000000e+00 2.598543e-01\n",
      "  0.000000e+00 6.268359e-02 1.771041e-01 8.100232e-02 1.441240e-01]\n",
      " [1.846021e-02 0.000000e+00 2.196212e-01 2.366386e-01 5.678343e-02\n",
      "  2.217256e-01 3.910226e-03 1.497144e-02 1.537604e-01 7.412887e-02]\n",
      " [7.325857e-02 2.915007e-02 1.634740e-01 8.903747e-02 1.090584e-01\n",
      "  1.895233e-01 1.819807e-01 3.700843e-05 0.000000e+00 1.644804e-01]\n",
      " [2.657878e-01 1.716524e-01 5.676953e-02 9.627475e-03 1.662343e-01\n",
      "  0.000000e+00 5.866464e-03 1.232347e-01 2.008272e-01 0.000000e+00]\n",
      " [1.991298e-01 0.000000e+00 0.000000e+00 0.000000e+00 2.037876e-01\n",
      "  2.594761e-01 8.157154e-03 1.239598e-01 1.610547e-01 4.443488e-02]\n",
      " [1.492716e-01 9.079042e-02 6.868128e-02 6.637784e-02 0.000000e+00\n",
      "  1.027607e-01 0.000000e+00 1.712205e-01 1.953704e-01 1.555272e-01]\n",
      " [1.601438e-01 0.000000e+00 0.000000e+00 1.808597e-01 5.264629e-02\n",
      "  1.263770e-01 1.698269e-01 1.292865e-01 0.000000e+00 1.808597e-01]\n",
      " [0.000000e+00 2.593907e-01 1.923361e-01 7.727224e-02 1.595628e-01\n",
      "  0.000000e+00 2.315225e-01 7.991568e-02 0.000000e+00 0.000000e+00]\n",
      " [1.945438e-01 5.823536e-02 2.029877e-01 9.773955e-02 1.391441e-01\n",
      "  0.000000e+00 2.408542e-01 2.187699e-02 4.461833e-02 0.000000e+00]\n",
      " [8.737518e-02 1.071528e-01 2.926427e-01 4.930754e-02 2.062782e-02\n",
      "  1.654595e-02 1.642703e-02 9.167141e-02 1.456163e-01 1.726333e-01]]\n",
      "1.0\n",
      "1.0\n",
      "0.9999999999999998\n",
      "1.0\n",
      "0.9999999999999999\n",
      "0.9999999999999998\n",
      "1.0\n",
      "0.9999999999999999\n",
      "0.9999999999999999\n",
      "1.0\n",
      "1.0000000000000002\n",
      "1.0\n",
      "1.0\n",
      "1.0\n",
      "1.0\n",
      "1.0\n"
     ]
    }
   ],
   "source": [
    "# print(np.sum(masked_mat_scaled[1]))\n",
    "# t = np.sum(masked_mat_scaled[1])\n",
    "# _masked_mat_scaled = masked_mat_scaled[1]/t\n",
    "_masked_mat_scaled = np.ones((16,10))\n",
    "for i in range(len(masked_mat_scaled)):\n",
    "    t = np.sum(masked_mat_scaled[i])\n",
    "    _masked_mat_scaled[i] = masked_mat_scaled[i]/t\n",
    "print(_masked_mat_scaled)\n",
    "for i in range(len(_masked_mat_scaled)):\n",
    "    rowsum = np.sum(_masked_mat_scaled[i])\n",
    "    print(rowsum)"
   ]
  },
  {
   "cell_type": "code",
   "execution_count": 66,
   "metadata": {},
   "outputs": [
    {
     "name": "stdout",
     "output_type": "stream",
     "text": [
      "!!!!!!!!!!!!\n",
      "[[3 6 6 0 0 4 9 8 9 0 4 9 0 2 6 2]]\n",
      "[[4 8 6 1 6 7 4 2 2 1 4 3 7 2 0 8]]\n",
      "[[8 2 6 5 1 5 7 9 6 8 7 1 0 3 1 0]]\n",
      "[[4 2 9 6 9 6 4 2 6 8 4 5 6 1 3 2]]\n",
      "[[2 2 9 2 6 4 6 0 9 1 4 2 6 1 4 7]]\n",
      "[[8 8 9 8 9 1 0 9 0 0 5 8 9 6 2 8]]\n",
      "[[2 6 8 7 1 5 4 5 5 0 0 5 5 1 2 8]]\n",
      "[[6 2 8 2 4 5 9 2 2 0 5 9 6 4 0 1]]\n",
      "[[4 8 9 1 6 1 7 3 9 4 5 7 3 4 0 0]]\n",
      "[[5 8 4 7 6 3 4 2 5 4 9 8 6 1 3 9]]\n",
      "[[5 8 6 1 9 4 9 8 9 1 4 0 3 6 0 8]]\n",
      "[[4 6 4 7 9 5 0 8 9 1 9 7 3 7 8 2]]\n",
      "[[1 5 8 6 1 7 9 4 3 7 4 9 0 1 2 9]]\n",
      "[[6 5 4 1 3 0 9 3 9 0 4 0 9 1 6 8]]\n",
      "[[5 2 9 6 6 4 9 5 6 4 5 8 0 6 6 2]]\n",
      "[[6 5 6 1 0 1 9 9 2 8 5 0 0 4 2 8]]\n",
      "[[3 6 9 5 0 5 4 5 9 1 8 8 5 7 8 4]]\n",
      "[[2 2 9 6 4 5 9 9 5 8 0 0 3 6 0 1]]\n",
      "[[1 6 6 2 1 5 4 2 6 0 9 8 4 4 6 2]]\n",
      "[[2 8 9 2 9 0 8 2 4 4 7 9 4 2 8 8]]\n",
      "[[5 6 9 7 1 4 4 8 4 0 0 9 6 1 3 9]]\n",
      "[[3 9 9 2 6 4 7 3 6 0 4 2 0 7 4 8]]\n",
      "[[5 5 6 5 0 4 7 4 6 7 5 9 6 2 6 6]]\n",
      "[[4 2 4 8 0 3 1 5 3 0 0 0 7 2 1 2]]\n",
      "[[4 6 9 6 0 3 7 3 9 8 7 0 4 6 3 3]]\n",
      "[[6 2 8 5 4 7 4 2 9 4 4 0 9 2 1 8]]\n",
      "[[4 8 9 5 9 8 7 3 5 1 8 8 0 4 0 2]]\n",
      "[[1 9 6 1 6 2 1 5 2 4 8 9 6 1 2 2]]\n",
      "[[3 2 4 2 4 0 8 5 6 1 7 7 7 2 3 2]]\n",
      "[[1 8 8 0 0 6 7 2 0 4 0 1 4 7 3 8]]\n",
      "[[4 8 6 6 0 6 1 3 5 1 4 0 9 4 6 7]]\n",
      "[[4 5 9 5 1 8 1 5 3 1 7 7 3 1 4 8]]\n",
      "[[2 6 9 1 1 7 1 2 2 4 9 8 9 1 2 1]]\n",
      "[[9 2 8 6 1 4 1 2 3 4 5 8 7 4 4 5]]\n",
      "[[3 9 6 5 9 1 1 7 6 2 5 8 6 6 6 2]]\n",
      "[[4 9 6 5 6 1 4 3 1 0 4 5 5 2 3 8]]\n",
      "[[1 6 4 6 6 4 6 8 3 0 4 8 0 2 6 1]]\n",
      "[[1 2 8 0 6 5 0 2 2 4 7 0 6 1 3 7]]\n",
      "[[1 9 4 5 0 6 7 8 5 0 5 9 5 3 6 3]]\n",
      "[[2 5 9 4 1 6 1 3 2 0 7 8 9 2 1 2]]\n",
      "[[3 5 6 7 7 7 8 9 9 8 5 7 3 6 0 9]]\n",
      "[[6 8 9 2 4 6 0 3 9 0 8 1 0 1 4 3]]\n",
      "[[6 2 6 1 6 7 4 2 1 0 6 2 5 3 0 0]]\n",
      "[[4 2 4 6 8 5 8 5 4 1 4 7 6 4 6 2]]\n",
      "[[5 5 4 1 9 6 6 4 2 4 7 8 9 7 4 0]]\n",
      "[[6 9 8 7 0 3 9 2 2 8 5 8 3 6 0 8]]\n",
      "[[2 5 9 6 1 4 8 8 4 4 0 2 5 6 0 9]]\n",
      "[[9 5 8 8 9 6 8 2 9 0 8 7 7 1 3 2]]\n",
      "[[4 8 0 5 0 4 9 8 6 4 4 0 0 6 7 2]]\n",
      "[[3 5 9 6 1 1 9 2 6 2 5 9 3 3 2 7]]\n",
      "[[8 8 6 5 0 3 9 5 9 0 5 1 3 6 4 2]]\n",
      "[[6 8 8 8 6 6 9 4 2 0 0 3 5 2 2 2]]\n",
      "[[5 1 9 1 6 5 7 5 2 1 9 5 0 6 4 8]]\n",
      "[[5 8 8 0 8 5 9 8 6 8 4 9 5 1 4 0]]\n",
      "[[5 8 4 5 6 3 9 9 5 8 5 5 9 2 6 7]]\n",
      "[[2 5 4 1 4 3 7 2 6 4 4 7 0 7 2 8]]\n",
      "[[6 5 8 5 6 1 4 5 9 4 7 7 7 7 2 5]]\n",
      "[[2 2 4 7 9 1 6 2 4 4 7 8 9 1 4 9]]\n",
      "[[4 9 8 6 1 3 9 5 9 0 0 8 6 1 0 8]]\n",
      "[[5 9 4 7 1 8 7 3 4 8 7 8 9 3 2 9]]\n",
      "[[4 8 6 1 0 6 4 4 0 1 0 8 9 6 3 7]]\n",
      "[[2 9 9 5 0 0 4 3 6 1 4 8 6 7 2 2]]\n",
      "[[5 9 9 8 6 8 4 4 3 4 8 7 9 4 4 0]]\n",
      "[[4 9 8 2 6 1 9 2 0 2 4 2 9 6 8 9]]\n",
      "[[4 9 4 0 1 4 4 5 3 2 9 3 0 1 0 3]]\n",
      "[[6 9 8 6 9 5 7 8 9 8 0 7 6 7 4 2]]\n",
      "[[6 9 8 5 1 5 8 3 6 4 5 9 0 2 4 9]]\n",
      "[[4 2 8 7 4 8 4 8 4 0 5 8 3 4 2 2]]\n",
      "[[2 5 9 6 1 1 1 5 4 1 0 1 3 7 7 0]]\n",
      "[[2 9 9 7 7 7 0 9 0 0 5 7 3 1 3 2]]\n",
      "[[6 5 6 0 9 5 1 9 3 0 4 0 7 2 6 8]]\n",
      "[[3 7 8 6 9 4 0 2 3 4 4 7 7 6 6 2]]\n",
      "[[6 8 8 5 0 3 4 5 3 0 4 7 3 6 2 2]]\n",
      "[[3 2 9 8 1 0 8 3 6 2 8 0 7 2 6 9]]\n",
      "[[6 5 4 1 6 1 7 2 2 1 7 0 7 6 2 3]]\n",
      "[[3 5 8 5 0 6 1 5 6 8 7 0 5 2 0 0]]\n",
      "[[6 6 9 6 1 1 1 5 9 4 5 8 3 4 8 7]]\n",
      "[[2 1 4 1 0 1 9 2 3 0 4 7 7 1 0 8]]\n",
      "[[5 5 9 5 0 6 7 5 0 4 0 9 7 1 8 2]]\n",
      "[[4 2 4 5 0 3 4 5 2 2 4 8 0 4 7 8]]\n",
      "[[1 9 8 8 1 6 1 5 5 1 0 5 5 2 2 9]]\n",
      "[[1 8 6 7 0 8 4 9 3 6 4 8 4 4 1 9]]\n",
      "[[4 9 8 5 4 7 4 3 9 1 5 5 0 1 6 9]]\n",
      "[[3 9 8 2 1 0 7 8 2 4 5 8 9 1 4 2]]\n",
      "[[5 2 6 2 9 6 0 2 9 1 4 5 9 6 0 2]]\n",
      "[[4 2 8 2 6 6 0 2 9 0 0 1 3 6 0 2]]\n",
      "[[2 2 8 5 1 3 4 8 5 0 8 5 0 1 2 9]]\n",
      "[[3 8 8 2 1 3 4 8 4 4 9 9 9 1 6 7]]\n",
      "[[6 1 6 6 0 7 8 6 2 0 5 5 5 1 2 0]]\n",
      "[[5 5 9 1 6 6 4 8 1 0 8 3 5 6 6 9]]\n",
      "[[4 8 6 2 1 1 7 5 5 7 5 8 7 1 4 7]]\n",
      "[[2 5 6 7 1 1 4 8 2 0 0 1 6 6 0 2]]\n",
      "[[3 6 9 1 7 1 9 8 4 7 5 1 7 6 4 2]]\n",
      "[[2 2 8 1 0 5 7 5 3 0 4 0 6 3 6 9]]\n",
      "[[4 8 8 7 1 7 0 5 2 8 5 8 7 6 3 2]]\n",
      "[[5 9 6 7 1 7 0 5 6 8 5 0 3 1 6 0]]\n",
      "[[4 5 8 6 1 7 9 3 5 8 0 9 3 7 0 8]]\n",
      "[[5 6 8 6 4 7 9 8 2 0 7 7 3 6 6 2]]\n",
      "[[3 2 6 7 9 8 9 8 2 4 0 3 7 2 1 2]]\n",
      "[[6 5 9 6 9 4 9 2 6 1 0 8 3 4 3 5]]\n"
     ]
    }
   ],
   "source": [
    "masked_mat_scaled_t = torch.tensor(_masked_mat_scaled, dtype=torch.float)\n",
    "for t in range(100):\n",
    "    t = masked_mat_scaled_t.multinomial(num_samples=1)\n",
    "\n",
    "    masked_mat_scaled_n = np.array(masked_mat_scaled_t)\n",
    "    t_n = np.array(t)\n",
    "    #print(masked_mat_scaled_n)\n",
    "    print(t_n.reshape(1,16))\n",
    "    for i in range(100):\n",
    "        for j in range(len(masked_mat_scaled_n)):\n",
    "            if masked_mat_scaled_n[j][t_n[j]] == 0:\n",
    "                print(\"!!!!!!!!!!!!!!!!!\")"
   ]
  },
  {
   "cell_type": "code",
   "execution_count": null,
   "metadata": {},
   "outputs": [],
   "source": []
  }
 ],
 "metadata": {
  "kernelspec": {
   "display_name": "reinforce",
   "language": "python",
   "name": "reinforce"
  },
  "language_info": {
   "codemirror_mode": {
    "name": "ipython",
    "version": 3
   },
   "file_extension": ".py",
   "mimetype": "text/x-python",
   "name": "python",
   "nbconvert_exporter": "python",
   "pygments_lexer": "ipython3",
   "version": "3.7.3"
  }
 },
 "nbformat": 4,
 "nbformat_minor": 2
}
